0 0.00048828125 0.00048828125 0.12451171875 0.12451171875
1 0.12548828125 0.00048828125 0.24951171875 0.12451171875
2 0.25048828125 0.00048828125 0.37451171875 0.12451171875
3 0.37548828125 0.00048828125 0.49951171875 0.12451171875
4 0.50048828125 0.00048828125 0.62451171875 0.12451171875
5 0.62548828125 0.00048828125 0.74951171875 0.12451171875
6 0.75048828125 0.00048828125 0.87451171875 0.12451171875
7 0.87548828125 0.00048828125 0.99951171875 0.12451171875
8 0.00048828125 0.12548828125 0.12451171875 0.24951171875
9 0.12548828125 0.12548828125 0.24951171875 0.24951171875
10 0.25048828125 0.12548828125 0.37451171875 0.24951171875
11 0.37548828125 0.12548828125 0.49951171875 0.24951171875
12 0.50048828125 0.12548828125 0.62451171875 0.24951171875
13 0.62548828125 0.12548828125 0.74951171875 0.24951171875
14 0.75048828125 0.12548828125 0.87451171875 0.24951171875
15 0.87548828125 0.12548828125 0.99951171875 0.24951171875
16 0.00048828125 0.25048828125 0.12451171875 0.37451171875
17 0.12548828125 0.25048828125 0.24951171875 0.37451171875
18 0.25048828125 0.25048828125 0.37451171875 0.37451171875
19 0.37548828125 0.25048828125 0.49951171875 0.37451171875
20 0.50048828125 0.25048828125 0.62451171875 0.37451171875
21 0.62548828125 0.25048828125 0.74951171875 0.37451171875
22 0.75048828125 0.25048828125 0.87451171875 0.37451171875
23 0.87548828125 0.25048828125 0.99951171875 0.37451171875
24 0.00048828125 0.37548828125 0.12451171875 0.49951171875
25 0.12548828125 0.37548828125 0.24951171875 0.49951171875
26 0.25048828125 0.37548828125 0.37451171875 0.49951171875
27 0.37548828125 0.37548828125 0.49951171875 0.49951171875
28 0.50048828125 0.37548828125 0.62451171875 0.49951171875
29 0.62548828125 0.37548828125 0.74951171875 0.49951171875
30 0.75048828125 0.37548828125 0.87451171875 0.49951171875
31 0.87548828125 0.37548828125 0.99951171875 0.49951171875
32 0.00048828125 0.50048828125 0.12451171875 0.62451171875
33 0.12548828125 0.50048828125 0.24951171875 0.62451171875
34 0.25048828125 0.50048828125 0.37451171875 0.62451171875
35 0.37548828125 0.50048828125 0.49951171875 0.62451171875
36 0.50048828125 0.50048828125 0.62451171875 0.62451171875
37 0.62548828125 0.50048828125 0.74951171875 0.62451171875
38 0.75048828125 0.50048828125 0.87451171875 0.62451171875
39 0.87548828125 0.50048828125 0.99951171875 0.62451171875
40 0.00048828125 0.62548828125 0.12451171875 0.74951171875
41 0.12548828125 0.62548828125 0.24951171875 0.74951171875
42 0.25048828125 0.62548828125 0.37451171875 0.74951171875
43 0.37548828125 0.62548828125 0.49951171875 0.74951171875
44 0.50048828125 0.62548828125 0.62451171875 0.74951171875
45 0.62548828125 0.62548828125 0.74951171875 0.74951171875
46 0.75048828125 0.62548828125 0.87451171875 0.74951171875
47 0.87548828125 0.62548828125 0.99951171875 0.74951171875
48 0.00048828125 0.75048828125 0.12451171875 0.87451171875
49 0.12548828125 0.75048828125 0.24951171875 0.87451171875
50 0.25048828125 0.75048828125 0.37451171875 0.87451171875
51 0.37548828125 0.75048828125 0.49951171875 0.87451171875
52 0.50048828125 0.75048828125 0.62451171875 0.87451171875
53 0.62548828125 0.75048828125 0.74951171875 0.87451171875
54 0.75048828125 0.75048828125 0.87451171875 0.87451171875
55 0.87548828125 0.75048828125 0.99951171875 0.87451171875
56 0.00048828125 0.87548828125 0.12451171875 0.99951171875
57 0.12548828125 0.87548828125 0.24951171875 0.99951171875
58 0.25048828125 0.87548828125 0.37451171875 0.99951171875
59 0.37548828125 0.87548828125 0.49951171875 0.99951171875
// 60 0.50048828125 0.87548828125 0.62451171875 0.99951171875 // do not touch nex beam
61 0.62548828125 0.87548828125 0.74951171875 0.99951171875
62 0.75048828125 0.87548828125 0.87451171875 0.99951171875
63 0.87548828125 0.87548828125 0.99951171875 0.99951171875
